
strategic_region={
	id=128
	name="STRATEGICREGION_128"
	provinces={
		 992 1028 1064 1068 1071 1080 1143 1151 1206 1977 2003 2046 2064 2088 3996 4055 4068 4073 4076 4138 4143 4145 4910 4961 4963 5069 5078 7011 7030 7073 7079 7091 7117 7144 7148 7156 7164 7188 7216 7925 7987 7989 8103 8105 9957 9989 10005 10028 10031 10061 10073 10097 10126 10127 10743 10745 10784 10844 10869 10900 10902 10907 11910 11964 11967 11974 11999 12002 12004 12033 12044 12049 12071 12091 12099 12725 12733 12764 12771 12796 12806 12816 12826 12836 12862 12881 12889
	}
	weather={
	}
}
