
strategic_region={
	id=230
	name="STRATEGICREGION_230"
	provinces={
		2035 2168 2214 4980 5008 5151 8172 10874 10956 12853 12999 13280 13283 13292 13504 13506 13514 13520 13522 13528 13538 13545 13548 13554 13559 13560 13564 13569 13579 13582 13588 13589 13592 13593 13594 13597 13598 13607 13608 13609 13615 13619 13623 13632 13636 13851 13852 13854 13857 13858 13860 13861 13864 13866 13867 13868 13869 13870 13871 13872 13873 13874 13875 13876 13877 13878 13879 13880 13881 13882 13883 13884 13885 13886 
	}
	weather={
	}
}
