
strategic_region={
	id=231
	name="STRATEGICREGION_231"
	provinces={
		2111 2142 2147 2181 2204 5115 5148 5200 5208 8140 8175 8189 8224 10959 11010 12951 12959 12987 13083 13424 13425 13426 13427 13428 13429 13430 13431 13433 13434 13436 13437 13438 13440 13441 13446 13449 13803 13804 13805 13806 13807 13808 13809 13810 13811 13812 13813 13814 13815 13816 13817 13818 13819 13820 13821 13822 13823 13824 13825 13826 13827 13828 13829 13830 13831 13832 13833 13834 13835 13836 13837 13838 13839 13840 13841 13842 13843 13844 13845 13846 13847 13848 13849 13850 13853 13855 13856 13859 13862 13863 13865 
	}
	weather={
	}
}
