1 6 6521 375 11219 9294 9320 9347 
1 13 6521 11505 9496 11415 3572 3438 6595 552 9570 6512 9457 11467 6464 
1 7 6464 506 3586 11532 9508 11492 3544 
1 9 9496 3473 11478 3532 6558 17 11515 493 9508 
1 20 3532 388 11232 279 3324 389 362 6402 6332 395 348 3288 6314 9262 3319 3296 6322 3525 6222 9340 
1 10 395 3384 6407 6360 6296 327 3320 6340 277 11370 
2 5 6360 6229 530 265 9340 
1 19 11370 3267 6220 6371 6249 9386 9353 6242 11392 6324 11202 9408 9120 126 104 11186 9097 6174 3151 
1 12 9340 9240 9317 11291 6381 496 3152 11426 11127 11443 4640 104 
1 7 11370 216 11322 3331 11220 11290 306 
2 3 6220 9241 11241 
4 10 306 3362 6387 9272 11254 335 401 3327 3391 6380 
1 10 11241 11353 3313 11272 3235 6264 11349 9343 3215 6245 
3 13 11241 323 6293 11234 248 6225 9212 11109 117 6197 79 149 3151 
2 8 3544 524 402 290 11301 347 3393 327 
1 6 6332 11245 9398 9372 11329 11301 
3 3 6464 13205 9427 
1 10 9427 11430 3497 6499 6522 9468 11479 491 11427 3562 
1 8 3562 3430 6455 9423 9576 754 741 11670 
4 10 11479 9454 6557 6509 3511 9533 11464 11490 504 525 
1 9 525 3494 9465 11424 11409 3757 9714 9698 11670 
2 2 9576 3757 
4 4 6282 3207 11444 6521 
5 6 6521 375 3367 268 293 321 
1 3 6389 6257 9347 
1 4 321 11305 11331 6389 
1 5 9347 6325 6349 3326 241 
1 5 6325 6263 6377 3271 3326 
1 6 6377 526 3522 9456 3499 6521 
1 3 3522 11359 11219 
1 3 321 11276 11219 
3 20 6338 3315 6307 325 6403 368 11275 9368 11375 9389 6295 6392 3268 3370 280 378 9356 9278 9378 6380 
1 5 6245 9256 344 3259 6380 
1 10 9256 9046 9144 11039 6101 121 3220 346 11338 378 
3 6 3327 3263 382 3236 11347 6262 
4 8 6262 6315 212 384 11337 11283 11244 3580 
1 15 3580 9260 9328 9355 9411 9261 6252 3335 3390 398 236 3278 9351 223 306 
1 4 9411 11242 3292 6262 
1 5 11254 9318 3345 11284 9261 
1 8 3580 580 6254 11553 3225 288 343 398 
1 6 413 6477 9579 3554 457 3580 
1 11 413 9448 11540 6428 3566 6587 11408 9564 11551 578 3578 
5 8 3578 6539 3518 11423 9436 3582 9504 3529 
1 10 3578 483 3477 326 3316 6366 6394 9365 9243 11225 
1 7 11225 9299 11319 11273 11339 372 6338 
3 8 3494 11454 488 3468 6478 9433 11437 11405 
1 6 11683 3755 11715 11561 6423 11437 
1 4 11683 11546 11703 9698 
1 4 11546 3403 3452 488 
1 3 3403 9573 11561 
4 9 9456 9560 11545 11481 3535 6582 425 11468 3522 
1 2 425 6524 
1 3 6524 6501 3535 
5 5 11481 514 6441 9428 6521 
1 4 514 573 9535 11415 
1 2 9535 6595 
5 4 573 469 6440 11542 
1 2 11542 6418 
4 5 11542 9429 583 3553 3569 
1 4 3569 11511 9539 9692 
5 5 3569 557 3718 6739 11666 
1 3 11666 3700 9692 
1 5 9692 3716 11679 9690 9660 
1 3 11666 6739 9692 
3 6 3700 686 11627 3670 9624 11610 
4 3 11666 6690 9648 
1 9 11627 6672 665 596 3654 6650 9627 599 6626 
1 2 6626 11735 
1 3 11584 628 6626 
1 12 587 6469 495 6535 9509 3355 11493 526 3522 9456 3499 6521 
1 6 391 3211 9498 3262 6598 516 
1 5 587 3444 6500 6496 3262 
1 2 3444 6469 
1 6 587 3547 11470 11435 6583 9559 
1 6 516 3516 9444 9418 5291 9559 
1 5 3516 11519 6537 3488 11435 
1 3 3488 9522 587 
1 4 9522 11562 9574 6496 
1 2 11519 9574 
1 16 6394 3246 3196 257 11240 11393 9409 6409 3221 3389 396 11381 9367 6369 6341 413 
1 5 6369 6398 3199 3250 6315 
1 6 9449 6517 11500 534 11396 413 
1 11 3221 3266 9324 3371 11262 11324 3285 6374 6253 3282 6403 
1 3 3266 232 396 
1 5 3389 3332 313 9422 11408 
1 9 11405 3399 429 6776 6474 6505 9461 11434 9417 
1 13 3755 737 568 9712 6771 11700 9729 9571 6420 3421 6445 9430 9417 
1 4 3686 705 3722 568 
1 4 3686 6704 9677 9680 
1 2 9680 6741 
1 3 6741 11729 3734 
1 6 3734 3752 765 9744 585 9417 
1 14 3734 6768 9709 9726 9688 11727 9722 9705 11693 11690 712 683 3672 666 
1 4 683 6730 700 6701 
3 7 6701 3668 4463 7624 4458 7495 7661 
1 13 7661 1536 12434 11704 1610 11674 1539 1599 1530 6671 3658 772 3653 
1 9 11670 6727 3701 3704 6706 11652 9651 3663 9617 
4 9 9617 6658 9612 649 9783 9919 9902 922 9833 
1 6 9783 11597 657 6677 674 9651 
1 2 9617 674 
1 8 9660 11625 6670 3623 619 3617 11580 11586 
1 12 11586 11583 6634 630 9756 9771 3630 6652 637 3639 3636 9617 
1 2 11474 3529 
1 8 11693 3746 759 3774 9594 6463 9440 9455 
1 5 11474 520 6516 6486 9455 
1 4 9455 11429 6620 9753 
1 6 9753 11706 6760 3726 6748 700 
1 9 9753 9592 3622 11578 615 464 3618 9453 642 
1 10 642 475 3593 11701 1517 4563 10406 7563 7477 1593 
1 13 11256 3216 393 338 497 6473 410 6574 3490 6601 9432 11523 3578 
1 3 11225 11377 11256 
1 13 372 3365 228 6323 6388 6278 7403 7431 7416 10286 10314 10136 10142 
2 7 11256 227 12172 9349 7237 6285 7416 
1 8 4261 1406 1210 12298 12270 4354 4283 12172 
1 5 1821 307 12584 7285 9292 
1 3 7375 12216 10286 
1 6 12216 361 3280 7320 10133 1821 
1 7 4261 4215 10256 7401 12229 10213 9292 
1 7 10256 7328 1334 12157 1233 12287 10133 
1 3 10142 10185 1334 
1 10 1821 12567 7228 10716 10648 1771 1744 4774 3169 4669 
1 24 7375 1336 6025 4326 123 11170 1307 11203 6121 6 6202 3102 11110 11192 9133 6112 9222 3099 11143 9168 2 9188 11166 121 
1 9 11203 4298 10579 9121 11182 11119 6040 13076 4669 
1 16 3338 312 6102 140 11137 26 138 89 11036 3160 11168 3154 11189 11213 6143 9188 
1 7 9417 11418 449 3478 3489 3505 9504 
3 6 6505 3479 502 6530 3531 418 
1 8 9461 9476 547 3567 11412 510 6553 6428 
1 5 9288 9506 3480 6458 11557 
1 4 488 9491 9519 6605 
1 5 11437 9463 9479 3508 3531 
1 3 9463 511 3557 
1 5 3557 3455 3520 11526 3580 
1 11 525 11557 582 3584 6605 9413 3455 501 6481 9449 418 
1 3 418 6481 3520 
1 4 9506 6589 238 3225 
2 5 216 6292 3378 6344 9288 
1 11 11370 11216 9236 9359 6359 3309 6306 3256 11528 3392 290 
1 11 327 9404 11498 11226 11358 310 341 222 319 415 11202 
1 7 319 3298 9485 6408 6178 9079 11426 
1 4 9240 10493 3388 6408 
1 3 10493 11222 341 
1 6 3392 6546 3412 422 9558 11479 
1 9 3266 6329 11363 3257 330 3387 3339 3202 3370 
1 12 587 3547 11494 3423 11560 3558 549 9503 6529 678 9638 663 
1 12 6469 6570 529 6444 6488 589 6568 3530 6542 6712 11640 9638 
1 2 9517 3530 
1 5 9517 11486 694 3679 663 
1 4 9517 6555 11529 11544 
1 6 11544 9416 6421 11417 3397 6488 
1 4 6524 3500 11445 3397 
1 5 9509 11431 564 9524 3500 
1 7 241 336 11264 9281 11346 3512 6469 
1 3 3444 11456 9498 
1 4 391 6241 9363 3512 
1 3 391 68 3314 
1 4 6336 9335 9309 9281 
1 5 6598 6560 6446 575 11548 
1 2 11483 575 
1 3 6598 13068 11519 
1 4 11544 586 9555 6418 
1 9 11544 571 3299 9515 9681 3703 9665 11651 6690 
1 8 6739 9527 6552 6723 543 532 3541 3299 
1 3 9555 3571 3541 
1 5 3535 538 9497 11404 586 
1 3 9497 3474 9416 
1 4 692 3705 6540 11529 
1 3 692 11653 9515 
4 4 692 6693 11620 673 
1 4 11653 3688 707 688 
1 6 688 732 6691 6687 653 9648 
1 3 732 3684 11651 
1 4 6691 6673 9613 628 
4 4 9633 6675 6631 603 
1 3 11620 9636 9633 
1 3 6606 3776 603 
1 4 6973 1616 6985 6606 
1 4 1616 9907 910 11833 
1 5 9907 9879 3885 9794 9904 
1 15 6606 782 9924 967 925 9838 6831 3966 6939 883 6843 9784 11837 11998 6979 
1 3 11584 3604 603 
1 5 3776 6790 3773 6788 6973 
1 18 6973 6946 11833 6875 6862 11751 9904 11846 923 9826 819 955 851 3968 10027 3901 12066 9990 
1 6 4014 4159 1156 3857 10074 7059 
1 5 6891 9863 11824 11874 11773 
1 2 9772 9863 
1 11 6522 466 6604 6586 3581 3550 555 3537 11522 541 9692 
1 3 9690 6561 3537 
1 4 9660 684 11646 679 
1 5 9690 3731 3713 730 11659 
1 7 3713 3730 6735 713 9687 6714 6711 
1 8 3663 660 6695 6709 11639 676 3694 6711 
1 7 6711 693 11622 9619 6667 11657 3630 
1 5 679 6643 11787 3614 11586 
1 4 3614 614 3649 11657 
1 3 11610 9643 6670 
4 2 3654 11581 
1 6 11581 624 9595 6647 11577 11580 
1 5 11899 11741 797 9599 11586 
3 8 6889 11816 3924 3943 11901 591 11564 11735 
1 9 6889 9821 9809 9780 9914 3884 11767 914 9805 
2 4 6889 11845 953 11899 
2 6 949 935 11857 9906 6998 11583 
1 7 797 3956 3939 6953 9890 9874 3882 
1 4 3882 3833 3526 11818 
1 3 3526 6886 935 
1 2 9874 9906 
1 4 6647 9591 6799 11899 
1 2 9591 9595 
1 2 653 596 
1 4 9914 11762 867 3882 
1 9 4109 3988 1109 976 3864 3973 3844 10163 11818 
1 2 10163 3526 
2 3 4193 7211 3988 
1 5 11818 3936 9930 11774 11905 
1 2 9833 11829 
3 3 11829 3851 947 
1 7 11747 11784 9806 6871 3951 3786 947 
2 5 904 11866 3919 6908 11747 
1 5 11747 804 11844 3807 3964 
1 7 3964 919 3903 6950 6919 9868 9954 
1 6 9954 11853 789 10472 3564 12320 
1 4 3658 6669 10403 789 
2 5 4112 11848 9921 785 947 
1 5 10056 11810 11746 806 12029 
1 2 12029 7671 
1 2 9893 7671 
1 6 806 886 3921 3890 6965 6919 
1 5 3807 9861 869 9763 10056 
1 10 869 11792 11860 3876 9878 6945 11796 3927 928 4112 
1 4 4112 7130 6992 3927 
1 7 7671 6883 1634 1549 10804 10106 1578 
1 4 1549 12473 10811 5014 
1 7 864 12318 10497 11739 876 11797 6965 
1 3 9893 9912 3890 
1 8 6886 6857 9818 11813 6923 9862 9888 9902 
1 6 949 965 793 3796 9610 9612 
1 2 965 9771 
3 4 6923 6952 3819 9610 
1 6 9548 11689 3728 11672 11655 11652 
1 6 676 11622 662 11608 9606 614 
1 3 679 646 11608 
1 5 11659 11644 6697 9640 11622 
1 2 11646 11644 
1 6 3407 3577 565 3707 9683 6727 
2 3 9548 577 3407 
1 2 3562 577 
1 5 11506 9534 6569 11563 9434 
1 6 11548 9500 3476 454 9561 11506 
1 6 11506 11518 11549 13011 3546 5291 
1 13 11506 11491 6949 551 11732 3533 6531 9658 9642 3666 9622 6683 9638 
1 5 5291 11516 521 698 6683 
1 15 3552 542 6536 9510 11465 11616 11600 6657 9597 11565 9737 9717 6759 9710 743 
1 8 9710 3740 11699 3749 6766 943 6917 3946 
1 6 3946 6960 9898 11877 11849 11834 
1 7 11834 911 3928 9909 11891 3772 6788 
1 3 6780 770 11891 
1 5 6780 3782 776 607 3780 
1 3 3780 773 3776 
1 11 11849 958 11713 762 780 3589 9590 641 3650 3646 9622 
2 2 6613 9590 
1 2 6613 3589 
1 8 6449 3579 11535 6599 9578 3549 9523 11506 
1 9 9523 9507 512 3493 11631 3671 11596 11869 620 
1 6 620 9751 9734 755 11702 6766 
1 6 3552 6572 9525 11508 9495 11465 
1 7 3493 6688 11611 9609 3594 11593 6613 
1 4 11465 503 9478 3671 
1 6 663 11623 6680 11638 9666 6693 
1 4 9517 11499 708 9666 
1 7 6418 9421 9569 11556 569 11525 6552 
1 5 6440 3418 3585 424 586 
2 5 9862 11905 3893 6895 9833 
1 4 685 6733 6702 712 
1 3 3734 3760 719 
4 2 11805 924 
3 5 11805 3861 799 6924 9817 
1 6 3790 9765 6933 9869 11768 11805 
2 3 9817 724 6941 
1 3 924 11885 3969 
