
state={
	id=404
	name="STATE_404"

	history={
		owner = KAZ
		buildings = {
			infrastructure = 2

		}
		add_core_of = KAZ

	}

	provinces={
		1239 1243 1272 1287 1312 1331 1375 1382 1402 4232 4250 4277 4333 4389 4492 4595 4636 4686 7335 7392 7405 7407 7425 7556 7597 7600 7657 7777 10148 10179 10220 10268 10275 10277 10292 10353 10366 10452 10506 10508 10603 12111 12121 12152 12177 12194 12266 12329 12340 12385 12397 12487 12658 
	}
	manpower=1667036
	buildings_max_level_factor=1.000
	state_category=pastoral
}
