
state={
	id=495
	name="STATE_495"
	resources={
		aluminium=4.000
	}

	history={
		owner = BRA
		buildings = {
			infrastructure = 0

		}
		add_core_of = BRA

	}

	provinces={
		13483 13486 13490 13491 13492 13493 13497 13499 13502 13503 13505 13507 13510 13516 13517 13527 13531 13536 13537 13540 13542 13549 13550 13551 13556 13557 13558 13565 13566 13567 13568 13570 13571 13572 13573 13574 13575 13576 13577 13578 13581 13583 13584 13585 13586 13587 13591 13595 13600 13601 13602 13603 13604 13605 13606 13613 13617 13624 13625 13627 13629 13630 13637 
	}
	manpower=3807923
	buildings_max_level_factor=1.000
	state_category=pastoral
}
