
state={
	id=541
	name="STATE_541"

	history={
		owner = AFK
		buildings = {
			infrastructure = 3

		}
		victory_points = {
			4879 1 
		}
		add_core_of = SAF

	}

	provinces={
		2207 2229 4879 5154 5189 7605 7770 8136 10957 10963 10978 12519 12921 13702 13703 13711 13715 13720 13723 13725 13727 13733 13738 13740 13741 13743 13744 13750 13752 13755 13756 13759 13760 13763 13764 13765 13766 13767 13769 13770 13772 13773 13774 13775 13776 13777 13778 13779 13780 13781 13782 13783 13784 13785 13786 13787 13788 13789 13790 13791 13792 13793 13794 13795 13796 13797 13798 13799 13800 13801 13802 13887 13890 
	}
	manpower=462000
	buildings_max_level_factor=1.000
	state_category=wasteland
}
